test8
test 2141412 2155 125 1 515 125test85
test 2141412 2155 125 1 515 125test851
test 2141412 2155 125 1 515 125test8511
test 2141412 2155 125 1 515 125test851112
test 2141412 2155 125 1 515 125test85111211
test 2141412 2155 125 1 515 125test8511121119
test 2141412 2155 125 1 515 125test851112111920
test 2141412 2155 125 1 515 125test8511121119208
test 2141412 2155 125 1 515 125test851112111920820
test 2141412 2155 125 1 515 125


test1
test 2141412 2155 125 1 515 125test1413
test 2141412 2155 125 1 515 125test141320
test 2141412 2155 125 1 515 125test1413204
test 2141412 2155 125 1 515 125test14132040
test 2141412 2155 125 1 515 125test141320405
test 2141412 2155 125 1 515 125test1413204053
test 2141412 2155 125 1 515 125test141320405311
test 2141412 2155 125 1 515 125test1413204053111
test 2141412 2155 125 1 515 125test14132040531114
test 2141412 2155 125 1 515 125


test2
test 2141412 2155 125 1 515 125test24
test 2141412 2155 125 1 515 125test244
test 2141412 2155 125 1 515 125test2447
test 2141412 2155 125 1 515 125test24477
test 2141412 2155 125 1 515 125test244772
test 2141412 2155 125 1 515 125test24477218
test 2141412 2155 125 1 515 125test244772189
test 2141412 2155 125 1 515 125test24477218916
test 2141412 2155 125 1 515 125test244772189162
test 2141412 2155 125 1 515 125


